Record Nn' Vn' Fn' On'  Nv   Vv  Fv' Ov' No' Vo' Fo'  Q Se   Q +P   V Se   V +P  V FPR
s20011 99664   2   0 176   0    0   0   0   8   0   0  99.99  99.82   0.00      -  0.000
s20021 88459 134   1 103   0    0   0   0   1   3   0 100.00  99.88   0.00      -  0.000
s20031 108957   0   0 1715   0    0   0   0 150   1   1  99.86  98.45   0.00      -  0.000
s20041 102561 6362   7 705   0    0   0   0  17  46   0  99.94  99.36   0.00      -  0.000
s20051 110387   2   2 215   0    0   0   0 1832   0   0  98.37  99.81   0.00      -  0.000
s20061 116672 772   0 466   0    0   0   0  10   0   0  99.99  99.60   0.00      -  0.000
s20071 85310   5   0 206   0    0   0   0  11   0   0  99.99  99.76   0.00      -  0.000
s20081 111241 1287  22 262   0    0   0   0   0   3   0 100.00  99.77   0.00      -  0.000
s20091 111039   0   0 144   0    0   0   0   4   0   0 100.00  99.87      -      -  0.000
s20101 70184 7078 384 316   0    0   0   0   1   2   0 100.00  99.59   0.00      -  0.000
s20111 84874   3   0 183   0    0   0   0   4   0   0 100.00  99.78   0.00      -  0.000
s20121 83408 569   0 21095   0    0   0   0 1234   9   0  98.54  79.92   0.00      -  0.000
s20131 105192 494   6 1901   0    0   0   0 198   0   0  99.81  98.23   0.00      -  0.000
s20141 116201   0   0  99   0    0   0   0   5   0   0 100.00  99.91      -      -  0.000
s20151 79126 145  10 1253   0    0   0   0  56  21   1  99.90  98.44   0.00      -  0.000
s20161 83330   8   1 678   0    0   0   0  16   0   0  99.98  99.19   0.00      -  0.000
s20171 125688   5   0 172   0    0   0   0 370   4   0  99.70  99.86   0.00      -  0.000
s20181 106338 123   1 871   0    0   0   0  93   0   0  99.91  99.19   0.00      -  0.000
s20191 97145   7   0 4122   0    0   0   0 130   0   0  99.87  95.93   0.00      -  0.000
s20201 90995  11   0 1469   0    0   0   0  52   0   0  99.94  98.41   0.00      -  0.000
s20211 99199  17   1 833   0    0   0   0 127   0   0  99.87  99.17   0.00      -  0.000
s20221 118640  27   0 426   0    0   0   0  48   0   0  99.96  99.64   0.00      -  0.000
s20231  3810   0   0  28   0    0   0   0 98864   2   1   3.71  99.27   0.00      -  0.000
s20241 91988   6   0 387   0    0   0   0   3   0   0 100.00  99.58   0.00      -  0.000
s20251 107932   5   0 1149   0    0   0   0  31   2   0  99.97  98.95   0.00      -  0.000
s20261 101203 745   1 135   0    0   0   0   5   1   0  99.99  99.87   0.00      -  0.000
s20271 105933 7891   0 213   0    0   0   0  17   2   0  99.98  99.81   0.00      -  0.000
s20272 117236 361   0 507   0    0   0   0  12   0   0  99.99  99.57   0.00      -  0.000
s20273 103052 606   0 963   0    0   0   0  45   0   0  99.96  99.08   0.00      -  0.000
s20274 119995 698   2 759   0    0   0   0  31   0   0  99.97  99.38   0.00      -  0.000
s20281 72788   0   0 757   0    0   0   0  20   0   0  99.97  98.97      -      -  0.000
s20291 75805 404   0 1166   0    0   0   0  72   6   0  99.90  98.49   0.00      -  0.000
s20301 106287  24   0 356   0    0   0   0  68   0   0  99.94  99.67   0.00      -  0.000
s20311 85780   3   0 1654   0    0   0   0  88   0   0  99.90  98.11   0.00      -  0.000
s20321 91362 151   0 554   0    0   0   0  24  49   0  99.92  99.40   0.00      -  0.000
s20331 83683   6   3 677   0    0   0   0  30   0   0  99.96  99.20   0.00      -  0.000
s20341 99720  87   1 344   0    0   0   0   8   0   0  99.99  99.66   0.00      -  0.000
s20351 118442 796   0 205   0    0   0   0  21   0   0  99.98  99.83   0.00      -  0.000
s20361 105224   9   1 3510   0    0   0   0 144   2   0  99.86  96.77   0.00      -  0.000
s20371 94916   5   0 10822   0    0   0   0 489   0   0  99.49  89.77   0.00      -  0.000
s20381 102825  46   0 148   0    0   0   0   6   7   0  99.99  99.86   0.00      -  0.000
s20391 102066 201   6 1107   0    0   0   0  51   0   0  99.95  98.93   0.00      -  0.000
s20401 76956  61   0 520   0    0   0   0  31   0   0  99.96  99.33   0.00      -  0.000
s20411 84405  23   0  95   0    0   0   0   0   0   0 100.00  99.89   0.00      -  0.000
s20421 91874  91   5 18593   0    0   0   0 611   1   0  99.34  83.18   0.00      -  0.000
s20431 102045  33   0 341   0    0   0   0   8   0   0  99.99  99.67   0.00      -  0.000
s20441 89309 3416   0 232   0    0   0   0  12   0   0  99.99  99.75   0.00      -  0.000
s20451 87756   2   0 955   0    0   0   0  32   1   0  99.96  98.92   0.00      -  0.000
s20461 98397   2   0 625   0    0   0   0  90   0   0  99.91  99.37   0.00      -  0.000
s20471 114809  61   1 590   0    0   0   0  80   0   0  99.93  99.49   0.00      -  0.000
s20481 88316   0   0 4169   0    0   0   0 2801   0   0  96.93  95.49      -      -  0.000
s20491 95596 744   0 2101   0    0   0   0 233   1   0  99.76  97.87   0.00      -  0.000
s20501 141675 499   1 200   0    0   0   0  29   3   0  99.98  99.86   0.00      -  0.000
s20511 81916   8   2 4323   0    0   0   0 472   0   0  99.43  94.99   0.00      -  0.000
s20521 74903  13   0 1651   0    0   0   0  41   0   0  99.95  97.84   0.00      -  0.000
s20531 85369  61   1 3272   0    0   0   0 742   0   0  99.14  96.31   0.00      -  0.000
s20541 113772 560   6 827   0    0   0   0  36   1   0  99.97  99.28   0.00      -  0.000
s20551 99857  58   2 6780   0    0   0   0 246  53   0  99.70  93.65   0.00      -  0.000
s20561 99930  47   1 8933   0    0   0   0 389  24   0  99.59  91.80   0.00      -  0.000
s20571 85938 2244   5 2129   0    0   0   0 344   8   0  99.60  97.64   0.00      -  0.000
s20581 84457  18   0 1236   0    0   0   0 126   0   0  99.85  98.56   0.00      -  0.000
s20591 83794   3   0 2508   0    0   0   0  46   0   0  99.95  97.09   0.00      -  0.000
s20601 116432   2   0 769   0    0   0   0  54   0   0  99.95  99.34   0.00      -  0.000
s20611 235423   0   0 493   0    0   0   0  21   0   0  99.99  99.79      -      -  0.000
s20621 109741 1357   1 8027   0    0   0   0 816  18   0  99.25  93.26   0.00      -  0.000
s20631 99604   0   0 1695   0    0   0   0  37   0   0  99.96  98.33      -      -  0.000
s20641 81654 727   0 9048   0    0   0   0 1996  49   0  97.58  90.10   0.00      -  0.000
s20651 90128 303   0 11752   0    0   0   0 13111  28   0  87.31  88.50   0.00      -  0.000
s30661 143812  60   3 515   0    0   0   0  57   0   0  99.96  99.64   0.00      -  0.000
s30671 98346 138   2 139   0    0   0   0  33 209   0  99.75  99.86   0.00      -  0.000
s30681 124783  13   0 6547   0    0   0   0 1303   2   0  98.97  95.02   0.00      -  0.000
s30691 101331   1   0 175   0    0   0   0  23   0   0  99.98  99.83   0.00      -  0.000
s30701 106719   0   0  18   0    0   0   0   0   0   0 100.00  99.98      -      -  0.000
s30711 133782 18942   7  80   0    0   0   0   8   2   0  99.99  99.95   0.00      -  0.000
s30721 105875 332   0 1405   0    0   0   0  25   2   0  99.97  98.69   0.00      -  0.000
s30731 105589  36  10 489   0    0   0   0   4   0   1 100.00  99.54   0.00      -  0.000
s30732 96213  24   1 137   0    0   0   0   3   1   1  99.99  99.86   0.00      -  0.000
s30741 123040   0   0  56   0    0   0   0  24   0   0  99.98  99.95      -      -  0.000
s30742 113314   0   0  66   0    0   0   0   3   0   0 100.00  99.94      -      -  0.000
s30751 102136 3448   8 1579   0    0   0   0  51   7   0  99.95  98.53   0.00      -  0.000
s30752 93067 5816  22 2410   0    0   0   0 21037 156   0  82.35  97.62   0.00      -  0.000
s30761 113411 2938  57 113   0    0   0   0   4 266   1  99.77  99.90   0.00      -  0.000
s30771 77495   5   0 151   0    0   0   0 106   1   0  99.86  99.81   0.00      -  0.000
s30781 101993 394   7 1822   0    0   0   0 7227  14   0  93.40  98.25   0.00      -  0.000
s30791 99989  57   1 995   0    0   0   0  39   0   0  99.96  99.02   0.00      -  0.000
s30801 93490   0   0 17223   0    0   0   0 565   0   0  99.40  84.44      -      -  0.000
______________________________________________________________________________________
Sum  8633098 71632 592 188635   0    0   0   0 157312 1007   6
Gross                                                   98.21  97.88   0.00      -  0.000
Average                                                 98.24  97.87   0.00      -  0.000
Total QRS complexes: 8863647  Total VEBs: 72639

Summary of results from 86 records
