Record Nn' Vn' Fn' On'  Nv   Vv  Fv' Ov' No' Vo' Fo'  Q Se   Q +P   V Se   V +P  V FPR
s20011 99664   2   0 415   0    0   0   0   8   0   0  99.99  99.59   0.00      -  0.000
s20021 88423 136   1 1466   0    0   0   0  37   1   0  99.96  98.37   0.00      -  0.000
s20031 108450   0   0 6919   0    0   0   0 657   1   1  99.40  94.00   0.00      -  0.000
s20041 102572 6402   7 274   0    0   0   0   6   6   0  99.99  99.75   0.00      -  0.000
s20051 112205   2   2 2762   0    0   0   0  14   0   0  99.99  97.60   0.00      -  0.000
s20061 116679 772   0 248   0    0   0   0   3   0   0 100.00  99.79   0.00      -  0.000
s20071 85303   4   0 419   0    0   0   0  18   1   0  99.98  99.51   0.00      -  0.000
s20081 111241 1290  22 133   0    0   0   0   0   0   0 100.00  99.88   0.00      -  0.000
s20091 111040   0   0 197   0    0   0   0   3   0   0 100.00  99.82      -      -  0.000
s20101 70185 7080 362 822   0    0   0   0   0   0  22  99.97  98.95   0.00      -  0.000
s20111 84871   3   0 497   0    0   0   0   7   0   0  99.99  99.42   0.00      -  0.000
s20121 84628 578   0  80   0    0   0   0  14   0   0  99.98  99.91   0.00      -  0.000
s20131 105324 494   6 797   0    0   0   0  66   0   0  99.94  99.25   0.00      -  0.000
s20141 116183   0   0 237   0    0   0   0  23   0   0  99.98  99.80      -      -  0.000
s20151 79181 136  11 255   0    0   0   0   1  30   0  99.96  99.68   0.00      -  0.000
s20161 82257   6   0 6289   0    0   0   0 1089   2   1  98.69  92.90   0.00      -  0.000
s20171 125833   4   0  74   0    0   0   0 225   5   0  99.82  99.94   0.00      -  0.000
s20181 105997 123   1 4754   0    0   0   0 434   0   0  99.59  95.71   0.00      -  0.000
s20191 91468   5   0 34846   0    0   0   0 5807   2   0  94.03  72.41   0.00      -  0.000
s20201 91007  10   0 1687   0    0   0   0  40   1   0  99.95  98.18   0.00      -  0.000
s20211 99322  17   1 488   0    0   0   0   4   0   0 100.00  99.51   0.00      -  0.000
s20221 118681  27   0  68   0    0   0   0   7   0   0  99.99  99.94   0.00      -  0.000
s20231  3809   0   0  17   0    0   0   0 98865   2   1   3.71  99.56   0.00      -  0.000
s20241 91991   6   0 216   0    0   0   0   0   0   0 100.00  99.77   0.00      -  0.000
s20251 107674   7   0 5626   0    0   0   0 289   0   0  99.73  95.03   0.00      -  0.000
s20261 101207 746   0  47   0    0   0   0   1   0   1 100.00  99.95   0.00      -  0.000
s20271 105876 7881   0 1617   0    0   0   0  74  12   0  99.92  98.60   0.00      -  0.000
s20272 117047 360   0 4350   0    0   0   0 201   1   0  99.83  96.43   0.00      -  0.000
s20273 102741 602   0 5185   0    0   0   0 356   4   0  99.65  95.22   0.00      -  0.000
s20274 119755 693   2 4172   0    0   0   0 271   5   0  99.77  96.65   0.00      -  0.000
s20281 72807   0   0 124   0    0   0   0   1   0   0 100.00  99.83      -      -  0.000
s20291 75616 408   0 4579   0    0   0   0 261   2   0  99.66  94.32   0.00      -  0.000
s20301 106350  24   0 190   0    0   0   0   5   0   0 100.00  99.82   0.00      -  0.000
s20311 81160   3   0 33004   0    0   0   0 4708   0   0  94.52  71.09   0.00      -  0.000
s20321 91382 143   0 231   0    0   0   0   4  57   0  99.93  99.75   0.00      -  0.000
s20331 83710   4   3  76   0    0   0   0   3   2   0  99.99  99.91   0.00      -  0.000
s20341 99708  87   0 1203   0    0   0   0  20   0   1  99.98  98.81   0.00      -  0.000
s20351 118445 796   0 269   0    0   0   0  18   0   0  99.98  99.77   0.00      -  0.000
s20361 105082   9   1 8312   0    0   0   0 286   2   0  99.73  92.67   0.00      -  0.000
s20371 95399   4   0 397   0    0   0   0   6   1   0  99.99  99.59   0.00      -  0.000
s20381 102813  43   0 788   0    0   0   0  18  10   0  99.97  99.24   0.00      -  0.000
s20391 102052 198   6 2446   0    0   0   0  65   3   0  99.93  97.66   0.00      -  0.000
s20401 76553  61   0 5070   0    0   0   0 434   0   0  99.44  93.79   0.00      -  0.000
s20411 84354  23   0 3365   0    0   0   0  51   0   0  99.94  96.16   0.00      -  0.000
s20421 92324  90   5 1393   0    0   0   0 161   2   0  99.82  98.52   0.00      -  0.000
s20431 102004  33   0 1692   0    0   0   0  49   0   0  99.95  98.37   0.00      -  0.000
s20441 89251 3415   0 1195   0    0   0   0  70   1   0  99.92  98.73   0.00      -  0.000
s20451 87720   2   0 1838   0    0   0   0  68   1   0  99.92  97.95   0.00      -  0.000
s20461 98437   2   0 392   0    0   0   0  50   0   0  99.95  99.60   0.00      -  0.000
s20471 114869  59   0 412   0    0   0   0  20   2   1  99.98  99.64   0.00      -  0.000
s20481 91012   0   0 2799   0    0   0   0 105   0   0  99.88  97.02      -      -  0.000
s20491 95704 745   0 1911   0    0   0   0 125   0   0  99.87  98.06   0.00      -  0.000
s20501 141690 500   1 484   0    0   0   0  14   2   0  99.99  99.66   0.00      -  0.000
s20511 82180   8   2 4540   0    0   0   0 208   0   0  99.75  94.77   0.00      -  0.000
s20521 74892  12   0 1760   0    0   0   0  52   1   0  99.93  97.70   0.00      -  0.000
s20531 85353  60   1 6591   0    0   0   0 758   1   0  99.12  92.84   0.00      -  0.000
s20541 113776 561   5 817   0    0   0   0  32   0   1  99.97  99.29   0.00      -  0.000
s20551 100029  53   2 8068   0    0   0   0  74  58   0  99.87  92.54   0.00      -  0.000
s20561 99761  69   1 6506   0    0   0   0 558   2   0  99.44  93.88   0.00      -  0.000
s20571 86247 2232   4 985   0    0   0   0  35  20   1  99.94  98.90   0.00      -  0.000
s20581 84550  16   0 404   0    0   0   0  33   2   0  99.96  99.52   0.00      -  0.000
s20591 83822   3   0 20496   0    0   0   0  18   0   0  99.98  80.35   0.00      -  0.000
s20601 115150   2   0 5557   0    0   0   0 1336   0   0  98.85  95.40   0.00      -  0.000
s20611 235045   0   0 6242   0    0   0   0 399   0   0  99.83  97.41      -      -  0.000
s20621 110468 1370   1 4137   0    0   0   0  89   5   0  99.92  96.43   0.00      -  0.000
s20631 99629   0   0 1230   0    0   0   0  12   0   0  99.99  98.78      -      -  0.000
s20641 72857 526   0 156953   0    0   0   0 10793 250   0  86.92  31.86   0.00      -  0.000
s20651 101719 324   0 39578   0    0   0   0 1520   7   0  98.53  72.05   0.00      -  0.000
s30661 143840  60   3  99   0    0   0   0  29   0   0  99.98  99.93   0.00      -  0.000
s30671 98334 169   2 374   0    0   0   0  45 178   0  99.77  99.62   0.00      -  0.000
s30681 125529  15   0 4512   0    0   0   0 557   0   0  99.56  96.53   0.00      -  0.000
s30691 45103   0   0 63306   0    0   0   0 56251   1   0  44.50  41.60   0.00      -  0.000
s30701 106713   0   0 691   0    0   0   0   6   0   0  99.99  99.36      -      -  0.000
s30711 133725 18943   7 1304   0    0   0   0  65   1   0  99.96  99.15   0.00      -  0.000
s30721 104601 334   0 78213   0    0   0   0 1299   0   0  98.78  57.30   0.00      -  0.000
s30731 105587  36  11 1489   0    0   0   0   6   0   0  99.99  98.61   0.00      -  0.000
s30732 96204  25   2 1165   0    0   0   0  12   0   0  99.99  98.80   0.00      -  0.000
s30741 122942   0   0 196   0    0   0   0 122   0   0  99.90  99.84      -      -  0.000
s30742 113303   0   0 113   0    0   0   0  14   0   0  99.99  99.90      -      -  0.000
s30751 102139 3448   8 665   0    0   0   0  48   7   0  99.95  99.37   0.00      -  0.000
s30752 114096 5971  22 1222   0    0   0   0   8   1   0  99.99  98.99   0.00      -  0.000
s30761 100774 2875  55 75941   0    0   0   0 12641 329   3  88.88  57.73   0.00      -  0.000
s30771 53730   3   0 115443   0    0   0   0 23871   3   0  69.24  31.76   0.00      -  0.000
s30781 92596 374   7 48555   0    0   0   0 16624  34   0  84.81  65.69   0.00      -  0.000
s30791 100026  55   1 146   0    0   0   0   2   2   0 100.00  99.85   0.00      -  0.000
s30801 76299   0   0 35154   0    0   0   0 17756   0   0  81.12  68.46      -      -  0.000
______________________________________________________________________________________
Sum  8530075 71579 565 849579   0    0   0   0 260335 1060  33
Gross                                                   97.05  91.01   0.00      -  0.000
Average                                                 96.91  93.13   0.00      -  0.000
Total QRS complexes: 8863647  Total VEBs: 72639

Summary of results from 86 records
