Record Nn' Vn' Fn' On'  Nv   Vv  Fv' Ov' No' Vo' Fo'  Q Se   Q +P   V Se   V +P  V FPR
s20011 99664   2   0 168   0    0   0   0   8   0   0  99.99  99.83   0.00      -  0.000
s20021 88459 134   1  95   0    0   0   0   1   3   0 100.00  99.89   0.00      -  0.000
s20031 108959   0   0 1608   0    0   0   0 148   1   1  99.86  98.55   0.00      -  0.000
s20041 102562 6362   7 663   0    0   0   0  16  46   0  99.94  99.40   0.00      -  0.000
s20051 110387   2   2 207   0    0   0   0 1832   0   0  98.37  99.81   0.00      -  0.000
s20061 116672 772   0 437   0    0   0   0  10   0   0  99.99  99.63   0.00      -  0.000
s20071 85309   5   0 192   0    0   0   0  12   0   0  99.99  99.78   0.00      -  0.000
s20081 111241 1287  22 257   0    0   0   0   0   3   0 100.00  99.77   0.00      -  0.000
s20091 111039   0   0 137   0    0   0   0   4   0   0 100.00  99.88      -      -  0.000
s20101 70184 7078 384 302   0    0   0   0   1   2   0 100.00  99.61   0.00      -  0.000
s20111 84874   3   0 179   0    0   0   0   4   0   0 100.00  99.79   0.00      -  0.000
s20121 83492 569   0 19332   0    0   0   0 1150   9   0  98.64  81.30   0.00      -  0.000
s20131 105192 494   6 1744   0    0   0   0 198   0   0  99.81  98.38   0.00      -  0.000
s20141 116202   0   0  93   0    0   0   0   4   0   0 100.00  99.92      -      -  0.000
s20151 79129 145  10 1151   0    0   0   0  53  21   1  99.91  98.57   0.00      -  0.000
s20161 83330   8   1 651   0    0   0   0  16   0   0  99.98  99.22   0.00      -  0.000
s20171 125689   5   0 170   0    0   0   0 369   4   0  99.70  99.86   0.00      -  0.000
s20181 106339 123   1 810   0    0   0   0  92   0   0  99.91  99.24   0.00      -  0.000
s20191 97140   7   0 4043   0    0   0   0 135   0   0  99.86  96.00   0.00      -  0.000
s20201 90998  11   0 1387   0    0   0   0  49   0   0  99.95  98.50   0.00      -  0.000
s20211 99199  17   1 813   0    0   0   0 127   0   0  99.87  99.19   0.00      -  0.000
s20221 118640  27   0 391   0    0   0   0  48   0   0  99.96  99.67   0.00      -  0.000
s20231  3810   0   0  28   0    0   0   0 98864   2   1   3.71  99.27   0.00      -  0.000
s20241 91988   6   0 364   0    0   0   0   3   0   0 100.00  99.61   0.00      -  0.000
s20251 107932   5   0 1105   0    0   0   0  31   2   0  99.97  98.99   0.00      -  0.000
s20261 101203 745   1 130   0    0   0   0   5   1   0  99.99  99.87   0.00      -  0.000
s20271 105933 7891   0 206   0    0   0   0  17   2   0  99.98  99.82   0.00      -  0.000
s20272 117236 361   0 478   0    0   0   0  12   0   0  99.99  99.60   0.00      -  0.000
s20273 103050 606   0 923   0    0   0   0  47   0   0  99.95  99.12   0.00      -  0.000
s20274 119995 698   2 735   0    0   0   0  31   0   0  99.97  99.39   0.00      -  0.000
s20281 72788   0   0 714   0    0   0   0  20   0   0  99.97  99.03      -      -  0.000
s20291 75807 404   0 1105   0    0   0   0  70   6   0  99.90  98.57   0.00      -  0.000
s20301 106288  24   0 336   0    0   0   0  67   0   0  99.94  99.68   0.00      -  0.000
s20311 85783   3   0 1573   0    0   0   0  85   0   0  99.90  98.20   0.00      -  0.000
s20321 91362 151   0 537   0    0   0   0  24  49   0  99.92  99.42   0.00      -  0.000
s20331 83683   6   3 640   0    0   0   0  30   0   0  99.96  99.24   0.00      -  0.000
s20341 99720  87   1 330   0    0   0   0   8   0   0  99.99  99.67   0.00      -  0.000
s20351 118442 796   0 196   0    0   0   0  21   0   0  99.98  99.84   0.00      -  0.000
s20361 105227   9   1 3361   0    0   0   0 141   2   0  99.86  96.91   0.00      -  0.000
s20371 94918   5   0 10183   0    0   0   0 487   0   0  99.49  90.31   0.00      -  0.000
s20381 102825  46   0 140   0    0   0   0   6   7   0  99.99  99.86   0.00      -  0.000
s20391 102066 201   6 1028   0    0   0   0  51   0   0  99.95  99.00   0.00      -  0.000
s20401 76957  61   0 482   0    0   0   0  30   0   0  99.96  99.38   0.00      -  0.000
s20411 84405  23   0  88   0    0   0   0   0   0   0 100.00  99.90   0.00      -  0.000
s20421 91881  91   5 18113   0    0   0   0 604   1   0  99.35  83.55   0.00      -  0.000
s20431 102045  33   0 323   0    0   0   0   8   0   0  99.99  99.68   0.00      -  0.000
s20441 89309 3416   0 217   0    0   0   0  12   0   0  99.99  99.77   0.00      -  0.000
s20451 87756   2   0 916   0    0   0   0  32   1   0  99.96  98.97   0.00      -  0.000
s20461 98397   2   0 590   0    0   0   0  90   0   0  99.91  99.40   0.00      -  0.000
s20471 114806  61   1 565   0    0   0   0  83   0   0  99.93  99.51   0.00      -  0.000
s20481 88316   0   0 3972   0    0   0   0 2801   0   0  96.93  95.70      -      -  0.000
s20491 95599 744   0 1990   0    0   0   0 230   1   0  99.76  97.98   0.00      -  0.000
s20501 141675 499   1 150   0    0   0   0  29   3   0  99.98  99.89   0.00      -  0.000
s20511 81913   8   2 4158   0    0   0   0 475   0   0  99.42  95.17   0.00      -  0.000
s20521 74903  13   0 1636   0    0   0   0  41   0   0  99.95  97.86   0.00      -  0.000
s20531 85380  61   1 2929   0    0   0   0 731   0   0  99.15  96.69   0.00      -  0.000
s20541 113772 560   6 761   0    0   0   0  36   1   0  99.97  99.34   0.00      -  0.000
s20551 99858  58   2 6759   0    0   0   0 245  53   0  99.70  93.66   0.00      -  0.000
s20561 99997  47   1 7995   0    0   0   0 322  24   0  99.66  92.60   0.00      -  0.000
s20571 85951 2244   5 2061   0    0   0   0 331   8   0  99.62  97.72   0.00      -  0.000
s20581 84462  18   0 1204   0    0   0   0 121   0   0  99.86  98.59   0.00      -  0.000
s20591 83795   3   0 2432   0    0   0   0  45   0   0  99.95  97.18   0.00      -  0.000
s20601 116431   2   0 737   0    0   0   0  55   0   0  99.95  99.37   0.00      -  0.000
s20611 235423   0   0 458   0    0   0   0  21   0   0  99.99  99.81      -      -  0.000
s20621 109743 1356   1 7913   0    0   0   0 814  19   0  99.26  93.35   0.00      -  0.000
s20631 99604   0   0 1653   0    0   0   0  37   0   0  99.96  98.37      -      -  0.000
s20641 81697 727   0 7210   0    0   0   0 1953  49   0  97.63  91.96   0.00      -  0.000
s20651 90162 303   0 10965   0    0   0   0 13077  28   0  87.35  89.19   0.00      -  0.000
s30661 143812  60   3 498   0    0   0   0  57   0   0  99.96  99.66   0.00      -  0.000
s30671 98346 138   2 135   0    0   0   0  33 209   0  99.75  99.86   0.00      -  0.000
s30681 124792  13   0 6110   0    0   0   0 1294   2   0  98.97  95.33   0.00      -  0.000
s30691 101331   1   0 163   0    0   0   0  23   0   0  99.98  99.84   0.00      -  0.000
s30701 106719   0   0  18   0    0   0   0   0   0   0 100.00  99.98      -      -  0.000
s30711 133782 18942   7  77   0    0   0   0   8   2   0  99.99  99.95   0.00      -  0.000
s30721 105875 332   0 1347   0    0   0   0  25   2   0  99.97  98.75   0.00      -  0.000
s30731 105589  36  10 466   0    0   0   0   4   0   1 100.00  99.56   0.00      -  0.000
s30732 96213  24   1 135   0    0   0   0   3   1   1  99.99  99.86   0.00      -  0.000
s30741 123040   0   0  51   0    0   0   0  24   0   0  99.98  99.96      -      -  0.000
s30742 113314   0   0  62   0    0   0   0   3   0   0 100.00  99.95      -      -  0.000
s30751 102137 3448   8 1495   0    0   0   0  50   7   0  99.95  98.60   0.00      -  0.000
s30752 91761 5825  22 2239   0    0   0   0 22343 147   0  81.27  97.76   0.00      -  0.000
s30761 113411 2938  57 104   0    0   0   0   4 266   1  99.77  99.91   0.00      -  0.000
s30771 77495   5   0 142   0    0   0   0 106   1   0  99.86  99.82   0.00      -  0.000
s30781 101996 394   7 1712   0    0   0   0 7224  14   0  93.40  98.36   0.00      -  0.000
s30791 99992  57   1 940   0    0   0   0  36   0   0  99.96  99.07   0.00      -  0.000
s30801 93490   0   0 17076   0    0   0   0 565   0   0  99.40  84.56      -      -  0.000
______________________________________________________________________________________
Sum  8632088 71640 592 177989   0    0   0   0 158322 999   6
Gross                                                   98.20  98.00   0.00      -  0.000
Average                                                 98.23  97.98   0.00      -  0.000
Total QRS complexes: 8863647  Total VEBs: 72639

Summary of results from 86 records
