Record Nn' Vn' Fn' On'  Nv   Vv  Fv' Ov' No' Vo' Fo'  Q Se   Q +P   V Se   V +P  V FPR
s20011 99664   2   0 157   0    0   0   0   8   0   0  99.99  99.84   0.00      -  0.000
s20021 88459 134   1  94   0    0   0   0   1   3   0 100.00  99.89   0.00      -  0.000
s20031 108960   0   0 1533   0    0   0   0 147   1   1  99.86  98.61   0.00      -  0.000
s20041 102562 6362   7 628   0    0   0   0  16  46   0  99.94  99.43   0.00      -  0.000
s20051 110387   2   2 199   0    0   0   0 1832   0   0  98.37  99.82   0.00      -  0.000
s20061 116672 772   0 421   0    0   0   0  10   0   0  99.99  99.64   0.00      -  0.000
s20071 85309   5   0 182   0    0   0   0  12   0   0  99.99  99.79   0.00      -  0.000
s20081 111241 1287  22 236   0    0   0   0   0   3   0 100.00  99.79   0.00      -  0.000
s20091 111039   0   0 127   0    0   0   0   4   0   0 100.00  99.89      -      -  0.000
s20101 70184 7078 384 297   0    0   0   0   1   2   0 100.00  99.62   0.00      -  0.000
s20111 84874   3   0 167   0    0   0   0   4   0   0 100.00  99.80   0.00      -  0.000
s20121 83540 569   0 18064   0    0   0   0 1102   9   0  98.70  82.32   0.00      -  0.000
s20131 105192 494   6 1681   0    0   0   0 198   0   0  99.81  98.43   0.00      -  0.000
s20141 116202   0   0  86   0    0   0   0   4   0   0 100.00  99.93      -      -  0.000
s20151 79133 145  10 1108   0    0   0   0  49  21   1  99.91  98.62   0.00      -  0.000
s20161 83330   8   1 627   0    0   0   0  16   0   0  99.98  99.25   0.00      -  0.000
s20171 125689   5   0 165   0    0   0   0 369   4   0  99.70  99.87   0.00      -  0.000
s20181 106340 123   1 762   0    0   0   0  91   0   0  99.91  99.29   0.00      -  0.000
s20191 97140   7   0 3939   0    0   0   0 135   0   0  99.86  96.10   0.00      -  0.000
s20201 90998  11   0 1313   0    0   0   0  49   0   0  99.95  98.58   0.00      -  0.000
s20211 99198  17   1 797   0    0   0   0 128   0   0  99.87  99.20   0.00      -  0.000
s20221 118640  27   0 377   0    0   0   0  48   0   0  99.96  99.68   0.00      -  0.000
s20231  3810   0   0  28   0    0   0   0 98864   2   1   3.71  99.27   0.00      -  0.000
s20241 91988   6   0 347   0    0   0   0   3   0   0 100.00  99.62   0.00      -  0.000
s20251 107932   5   0 1069   0    0   0   0  31   2   0  99.97  99.02   0.00      -  0.000
s20261 101203 745   1 119   0    0   0   0   5   1   0  99.99  99.88   0.00      -  0.000
s20271 105933 7891   0 198   0    0   0   0  17   2   0  99.98  99.83   0.00      -  0.000
s20272 117236 361   0 455   0    0   0   0  12   0   0  99.99  99.61   0.00      -  0.000
s20273 103052 606   0 883   0    0   0   0  45   0   0  99.96  99.16   0.00      -  0.000
s20274 119994 698   2 697   0    0   0   0  32   0   0  99.97  99.43   0.00      -  0.000
s20281 72788   0   0 680   0    0   0   0  20   0   0  99.97  99.07      -      -  0.000
s20291 75809 404   0 1062   0    0   0   0  68   6   0  99.90  98.63   0.00      -  0.000
s20301 106286  24   0 325   0    0   0   0  69   0   0  99.94  99.70   0.00      -  0.000
s20311 85785   3   0 1418   0    0   0   0  83   0   0  99.90  98.37   0.00      -  0.000
s20321 91362 151   0 530   0    0   0   0  24  49   0  99.92  99.42   0.00      -  0.000
s20331 83683   6   3 617   0    0   0   0  30   0   0  99.96  99.27   0.00      -  0.000
s20341 99720  87   1 312   0    0   0   0   8   0   0  99.99  99.69   0.00      -  0.000
s20351 118442 796   0 187   0    0   0   0  21   0   0  99.98  99.84   0.00      -  0.000
s20361 105227   9   1 3216   0    0   0   0 141   2   0  99.86  97.03   0.00      -  0.000
s20371 94927   5   0 9936   0    0   0   0 478   0   0  99.50  90.53   0.00      -  0.000
s20381 102826  46   0 129   0    0   0   0   5   7   0  99.99  99.87   0.00      -  0.000
s20391 102065 201   6 965   0    0   0   0  52   0   0  99.95  99.07   0.00      -  0.000
s20401 76959  61   0 464   0    0   0   0  28   0   0  99.96  99.40   0.00      -  0.000
s20411 84405  23   0  80   0    0   0   0   0   0   0 100.00  99.91   0.00      -  0.000
s20421 91892  91   5 17960   0    0   0   0 593   1   0  99.36  83.67   0.00      -  0.000
s20431 102045  33   0 305   0    0   0   0   8   0   0  99.99  99.70   0.00      -  0.000
s20441 89309 3416   0 203   0    0   0   0  12   0   0  99.99  99.78   0.00      -  0.000
s20451 87756   2   0 885   0    0   0   0  32   1   0  99.96  99.00   0.00      -  0.000
s20461 98397   2   0 566   0    0   0   0  90   0   0  99.91  99.43   0.00      -  0.000
s20471 114807  61   1 548   0    0   0   0  82   0   0  99.93  99.53   0.00      -  0.000
s20481 88313   0   0 3868   0    0   0   0 2804   0   0  96.92  95.80      -      -  0.000
s20491 95599 744   0 1922   0    0   0   0 230   1   0  99.76  98.04   0.00      -  0.000
s20501 141675 499   1 116   0    0   0   0  29   3   0  99.98  99.92   0.00      -  0.000
s20511 81919   8   2 4047   0    0   0   0 469   0   0  99.43  95.29   0.00      -  0.000
s20521 74903  13   0 1619   0    0   0   0  41   0   0  99.95  97.88   0.00      -  0.000
s20531 85387  61   1 2740   0    0   0   0 724   0   0  99.16  96.89   0.00      -  0.000
s20541 113771 560   6 686   0    0   0   0  37   1   0  99.97  99.40   0.00      -  0.000
s20551 99861  58   2 6739   0    0   0   0 242  53   0  99.71  93.68   0.00      -  0.000
s20561 100086  47   1 2714   0    0   0   0 233  24   0  99.74  97.36   0.00      -  0.000
s20571 85965 2244   5 1953   0    0   0   0 317   8   0  99.63  97.83   0.00      -  0.000
s20581 84464  18   0 1156   0    0   0   0 119   0   0  99.86  98.65   0.00      -  0.000
s20591 83795   3   0 2344   0    0   0   0  45   0   0  99.95  97.28   0.00      -  0.000
s20601 116431   2   0 706   0    0   0   0  55   0   0  99.95  99.40   0.00      -  0.000
s20611 235423   0   0 439   0    0   0   0  21   0   0  99.99  99.81      -      -  0.000
s20621 109746 1356   1 7785   0    0   0   0 811  19   0  99.26  93.45   0.00      -  0.000
s20631 99604   0   0 1617   0    0   0   0  37   0   0  99.96  98.40      -      -  0.000
s20641 81723 727   0 6405   0    0   0   0 1927  49   0  97.66  92.79   0.00      -  0.000
s20651 90199 303   0 10429   0    0   0   0 13040  28   0  87.38  89.67   0.00      -  0.000
s30661 143813  60   3 468   0    0   0   0  56   0   0  99.96  99.68   0.00      -  0.000
s30671 98346 138   2 133   0    0   0   0  33 209   0  99.75  99.87   0.00      -  0.000
s30681 124805  13   0 5767   0    0   0   0 1281   2   0  98.98  95.58   0.00      -  0.000
s30691 101331   1   0 158   0    0   0   0  23   0   0  99.98  99.84   0.00      -  0.000
s30701 106719   0   0  18   0    0   0   0   0   0   0 100.00  99.98      -      -  0.000
s30711 133783 18942   7  72   0    0   0   0   7   2   0  99.99  99.95   0.00      -  0.000
s30721 105875 332   0 1299   0    0   0   0  25   2   0  99.97  98.79   0.00      -  0.000
s30731 105589  36  10 456   0    0   0   0   4   0   1 100.00  99.57   0.00      -  0.000
s30732 96213  24   1 133   0    0   0   0   3   1   1  99.99  99.86   0.00      -  0.000
s30741 123040   0   0  51   0    0   0   0  24   0   0  99.98  99.96      -      -  0.000
s30742 113314   0   0  59   0    0   0   0   3   0   0 100.00  99.95      -      -  0.000
s30751 102136 3448   8 1335   0    0   0   0  51   7   0  99.95  98.75   0.00      -  0.000
s30752 87387 5846  21 1884   0    0   0   0 26717 126   1  77.65  98.02   0.00      -  0.000
s30761 113411 2937  57  97   0    0   0   0   4 267   1  99.77  99.92   0.00      -  0.000
s30771 77495   5   0 136   0    0   0   0 106   1   0  99.86  99.82   0.00      -  0.000
s30781 101996 394   7 1640   0    0   0   0 7224  14   0  93.40  98.42   0.00      -  0.000
s30791 99992  57   1 900   0    0   0   0  36   0   0  99.96  99.11   0.00      -  0.000
s30801 93490   0   0 16980   0    0   0   0 565   0   0  99.40  84.63      -      -  0.000
______________________________________________________________________________________
Sum  8627990 71660 591 166015   0    0   0   0 162420 979   7
Gross                                                   98.16  98.13   0.00      -  0.000
Average                                                 98.19  98.11   0.00      -  0.000
Total QRS complexes: 8863647  Total VEBs: 72639

Summary of results from 86 records
