Record Nn' Vn' Fn' On'  Nv   Vv  Fv' Ov' No' Vo' Fo'  Q Se   Q +P   V Se   V +P  V FPR
s20011 99664   2   0 311   0    0   0   0   8   0   0  99.99  99.69   0.00      -  0.000
s20021 88459 134   1 189   0    0   0   0   1   3   0 100.00  99.79   0.00      -  0.000
s20031 108935   0   0 2779   0    0   0   0 172   1   1  99.84  97.51   0.00      -  0.000
s20041 102559 6363   7 1412   0    0   0   0  19  45   0  99.94  98.72   0.00      -  0.000
s20051 110387   2   2 474   0    0   0   0 1832   0   0  98.37  99.57   0.00      -  0.000
s20061 116669 772   0 937   0    0   0   0  13   0   0  99.99  99.21   0.00      -  0.000
s20071 85307   5   0 345   0    0   0   0  14   0   0  99.98  99.60   0.00      -  0.000
s20081 111240 1287  22 487   0    0   0   0   1   3   0 100.00  99.57   0.00      -  0.000
s20091 111039   0   0 245   0    0   0   0   4   0   0 100.00  99.78      -      -  0.000
s20101 70184 7078 384 710   0    0   0   0   1   2   0 100.00  99.09   0.00      -  0.000
s20111 84874   3   0 301   0    0   0   0   4   0   0 100.00  99.65   0.00      -  0.000
s20121 82327 560   0 40713   0    0   0   0 2315  18   0  97.26  67.06   0.00      -  0.000
s20131 105134 494   6 3932   0    0   0   0 256   0   0  99.76  96.41   0.00      -  0.000
s20141 116202   0   0 189   0    0   0   0   4   0   0 100.00  99.84      -      -  0.000
s20151 79103 145  10 2593   0    0   0   0  79  21   1  99.87  96.83   0.00      -  0.000
s20161 83328   8   1 1072   0    0   0   0  18   0   0  99.98  98.73   0.00      -  0.000
s20171 125687   5   0 299   0    0   0   0 371   4   0  99.70  99.76   0.00      -  0.000
s20181 106325 123   1 1461   0    0   0   0 106   0   0  99.90  98.65   0.00      -  0.000
s20191 97153   7   0 5399   0    0   0   0 122   0   0  99.87  94.74   0.00      -  0.000
s20201 90968  11   0 3088   0    0   0   0  79   0   0  99.91  96.72   0.00      -  0.000
s20211 99198  17   1 1037   0    0   0   0 128   0   0  99.87  98.97   0.00      -  0.000
s20221 118630  27   0 807   0    0   0   0  58   0   0  99.95  99.32   0.00      -  0.000
s20231  3810   0   0  46   0    0   0   0 98864   2   1   3.71  98.81   0.00      -  0.000
s20241 91987   6   0 635   0    0   0   0   4   0   0 100.00  99.31   0.00      -  0.000
s20251 107926   5   0 1767   0    0   0   0  37   2   0  99.96  98.39   0.00      -  0.000
s20261 101201 745   1 208   0    0   0   0   7   1   0  99.99  99.80   0.00      -  0.000
s20271 105933 7891   0 408   0    0   0   0  17   2   0  99.98  99.64   0.00      -  0.000
s20272 117232 361   0 903   0    0   0   0  16   0   0  99.99  99.24   0.00      -  0.000
s20273 103044 606   0 1577   0    0   0   0  53   0   0  99.95  98.50   0.00      -  0.000
s20274 119990 698   2 1232   0    0   0   0  36   0   0  99.97  98.99   0.00      -  0.000
s20281 72785   0   0 1207   0    0   0   0  23   0   0  99.97  98.37      -      -  0.000
s20291 75770 404   0 2121   0    0   0   0 107   6   0  99.85  97.29   0.00      -  0.000
s20301 106303  24   0 647   0    0   0   0  52   0   0  99.95  99.40   0.00      -  0.000
s20311 85741   3   0 4844   0    0   0   0 127   0   0  99.85  94.65   0.00      -  0.000
s20321 91363 151   0 813   0    0   0   0  23  49   0  99.92  99.12   0.00      -  0.000
s20331 83683   6   3 1023   0    0   0   0  30   0   0  99.96  98.79   0.00      -  0.000
s20341 99718  87   1 717   0    0   0   0  10   0   0  99.99  99.29   0.00      -  0.000
s20351 118442 796   0 348   0    0   0   0  21   0   0  99.98  99.71   0.00      -  0.000
s20361 105210   9   1 5180   0    0   0   0 158   2   0  99.85  95.31   0.00      -  0.000
s20371 94769   5   0 19658   0    0   0   0 636   0   0  99.33  82.82   0.00      -  0.000
s20381 102822  46   0 240   0    0   0   0   9   7   0  99.98  99.77   0.00      -  0.000
s20391 102056 201   6 2177   0    0   0   0  61   0   0  99.94  97.92   0.00      -  0.000
s20401 76957  61   0 864   0    0   0   0  30   0   0  99.96  98.89   0.00      -  0.000
s20411 84405  23   0 156   0    0   0   0   0   0   0 100.00  99.82   0.00      -  0.000
s20421 91757  91   5 33885   0    0   0   0 728   1   0  99.21  73.05   0.00      -  0.000
s20431 102044  33   0 653   0    0   0   0   9   0   0  99.99  99.36   0.00      -  0.000
s20441 89309 3416   0 360   0    0   0   0  12   0   0  99.99  99.61   0.00      -  0.000
s20451 87756   2   0 1427   0    0   0   0  32   1   0  99.96  98.40   0.00      -  0.000
s20461 98395   2   0 1087   0    0   0   0  92   0   0  99.91  98.91   0.00      -  0.000
s20471 114797  61   1 973   0    0   0   0  92   0   0  99.92  99.16   0.00      -  0.000
s20481 88297   0   0 6230   0    0   0   0 2820   0   0  96.91  93.41      -      -  0.000
s20491 95596 744   0 3502   0    0   0   0 233   1   0  99.76  96.49   0.00      -  0.000
s20501 141676 499   1 439   0    0   0   0  28   3   0  99.98  99.69   0.00      -  0.000
s20511 81925   8   2 6735   0    0   0   0 463   0   0  99.44  92.40   0.00      -  0.000
s20521 74880  13   0 2015   0    0   0   0  64   0   0  99.91  97.38   0.00      -  0.000
s20531 85264  61   1 5730   0    0   0   0 847   0   0  99.02  93.71   0.00      -  0.000
s20541 113771 560   6 1295   0    0   0   0  37   1   0  99.97  98.88   0.00      -  0.000
s20551 99856  58   2 7276   0    0   0   0 247  53   0  99.70  93.21   0.00      -  0.000
s20561 98445  44   1 22954   0    0   0   0 1874  27   0  98.11  81.10   0.00      -  0.000
s20571 85873 2243   5 3316   0    0   0   0 409   9   0  99.53  96.37   0.00      -  0.000
s20581 84432  18   0 2535   0    0   0   0 151   0   0  99.82  97.09   0.00      -  0.000
s20591 83785   3   0 4828   0    0   0   0  55   0   0  99.93  94.55   0.00      -  0.000
s20601 116427   2   0 1295   0    0   0   0  59   0   0  99.95  98.90   0.00      -  0.000
s20611 235421   0   0 833   0    0   0   0  23   0   0  99.99  99.65      -      -  0.000
s20621 109712 1355   1 10426   0    0   0   0 845  20   0  99.23  91.42   0.00      -  0.000
s20631 99601   0   0 2383   0    0   0   0  40   0   0  99.96  97.66      -      -  0.000
s20641 79634 718   0 43972   0    0   0   0 4016  58   0  95.17  64.63   0.00      -  0.000
s20651 89703 303   0 19548   0    0   0   0 13536  28   0  86.90  82.16   0.00      -  0.000
s30661 143810  60   3 1055   0    0   0   0  59   0   0  99.96  99.27   0.00      -  0.000
s30671 98344 138   2 243   0    0   0   0  35 209   0  99.75  99.75   0.00      -  0.000
s30681 124674  13   0 9591   0    0   0   0 1412   2   0  98.88  92.86   0.00      -  0.000
s30691 101331   1   0 287   0    0   0   0  23   0   0  99.98  99.72   0.00      -  0.000
s30701 106719   0   0  26   0    0   0   0   0   0   0 100.00  99.98      -      -  0.000
s30711 133782 18942   7 188   0    0   0   0   8   2   0  99.99  99.88   0.00      -  0.000
s30721 105864 332   0 2423   0    0   0   0  36   2   0  99.96  97.77   0.00      -  0.000
s30731 105589  36  10 1077   0    0   0   0   4   0   1 100.00  98.99   0.00      -  0.000
s30732 96213  24   1 364   0    0   0   0   3   1   1  99.99  99.62   0.00      -  0.000
s30741 123040   0   0 103   0    0   0   0  24   0   0  99.98  99.92      -      -  0.000
s30742 113314   0   0 115   0    0   0   0   3   0   0 100.00  99.90      -      -  0.000
s30751 102134 3448   8 2964   0    0   0   0  53   7   0  99.94  97.27   0.00      -  0.000
s30752 104115 5766  22 6539   0    0   0   0 9989 206   0  91.51  94.38   0.00      -  0.000
s30761 113411 2941  57 416   0    0   0   0   4 263   1  99.77  99.64   0.00      -  0.000
s30771 77496   5   0 234   0    0   0   0 105   1   0  99.86  99.70   0.00      -  0.000
s30781 102012 394   7 3227   0    0   0   0 7208  14   0  93.41  96.95   0.00      -  0.000
s30791 99982  57   1 1797   0    0   0   0  46   0   0  99.95  98.24   0.00      -  0.000
s30801 93455   0   0 20374   0    0   0   0 600   0   0  99.36  82.10      -      -  0.000
______________________________________________________________________________________
Sum  8638160 71562 592 350271   0    0   0   0 152250 1077   6
Gross                                                   98.27  96.13   0.00      -  0.000
Average                                                 98.27  96.35   0.00      -  0.000
Total QRS complexes: 8863647  Total VEBs: 72639

Summary of results from 86 records
